1
1
36
1.246687 -0.062465 0.041262 -0.044970 -0.033736 -0.044077 -0.100712 -0.016014 0.046719 -0.009172 -0.169792 -0.176787 0.034643 -0.013480 -0.004564 -0.014882 -0.161388 -0.009541 0.035519 -0.039445 0.002071 -0.035698 0.012816 0.020557 0.036100 0.063644 -0.013299 0.009666 0.038768 -0.027297 -0.022764 0.082796 0.057644 -0.018308 -0.052849 0.029790 
-0.359186 1.224016 0.044812 -0.040939 0.022426 0.064752 0.051446 -0.036538 -0.009444 0.048694 -0.007508 0.039284 -0.010945 -0.006392 0.008601 -0.021717 0.050027 -0.021451 -0.074699 -0.027712 -0.007129 0.026158 -0.007019 0.028372 0.029766 0.005659 0.026513 0.004799 -0.108180 -0.022209 -0.038639 -0.035489 -0.037547 -0.034046 -0.007095 0.027644 
-0.065201 0.060692 0.891309 -0.031375 -0.130736 0.131261 0.220998 -0.005415 0.001345 -0.037876 0.141868 0.065577 -0.083429 0.030094 -0.013423 -0.252584 0.010130 0.173151 -0.012720 0.030723 -0.026376 0.110778 -0.150956 0.002356 -0.055475 -0.009273 0.024797 -0.042246 0.071928 -0.210432 -0.026544 0.087814 0.036726 -0.081828 -0.209344 -0.054324 
-0.028550 0.038823 0.003514 1.046134 0.009092 0.132347 0.004543 0.030986 -0.035801 0.041360 -0.297256 -0.048536 -0.017912 -0.024248 0.022258 0.006853 -0.020187 0.019433 0.039616 0.012767 0.019998 0.010424 0.090641 0.030657 0.008777 -0.074202 -0.004496 0.004367 -0.013646 0.062348 0.013026 0.025342 -0.045042 0.101814 -0.054172 -0.017680 
0.018736 -0.006001 -0.140833 0.073622 1.047256 -0.049068 0.029683 -0.032351 -0.058455 0.067340 -0.026690 0.171954 0.058108 0.034115 -0.154853 0.135811 0.071350 -0.029428 -0.088983 -0.093149 -0.049529 -0.022930 -0.005914 -0.166571 0.012905 -0.049208 0.020751 -0.054498 -0.054437 0.019720 -0.096573 -0.073602 0.019596 -0.089279 -0.033374 0.021928 
-0.027592 -0.010197 -0.001094 0.011689 0.004915 1.106008 -0.000533 0.019305 -0.020244 -0.018197 0.036945 -0.023525 0.013804 0.049074 -0.020764 -0.035466 0.113073 -0.002524 0.072390 -0.003153 -0.005615 -0.008393 -0.002647 0.003160 -0.023480 -0.063789 0.026818 -0.011676 0.003205 0.037979 0.015097 -0.084183 -0.009675 0.087605 -0.046948 -0.045346 
0.059445 0.165417 -0.017523 0.076054 0.244128 0.073680 0.979785 -0.034935 -0.041760 0.003000 -0.007913 0.019248 0.145287 -0.037108 -0.046903 0.134372 -0.006523 -0.009239 -0.075005 -0.165305 0.090578 -0.031488 0.015963 0.019298 -0.047039 -0.140857 0.014508 -0.157998 0.152390 -0.043266 -0.185729 0.045018 -0.026952 0.075114 -0.031700 0.091969 
0.019177 0.061824 -0.019279 -0.046059 0.034027 0.149273 -0.078595 0.950488 0.016921 -0.022556 -0.187038 -0.061962 0.062972 -0.045771 0.000769 -0.006784 0.247778 -0.070594 0.060317 0.008108 0.050596 -0.070891 -0.141558 0.016531 0.008713 -0.082550 0.040381 0.067186 0.051173 -0.175922 0.049585 0.002945 -0.023276 0.083083 0.110201 0.375251 
-0.018807 -0.029340 0.002129 -0.024486 -0.006077 -0.087375 -0.005725 -0.006270 0.936836 -0.001758 0.058634 0.042007 -0.001525 0.074518 0.050084 0.001750 0.098831 -0.009040 0.046364 -0.014773 0.005175 -0.041176 0.040574 0.017843 -0.030062 -0.092517 0.114271 0.046016 -0.022065 0.036847 -0.045119 -0.077136 -0.052762 -0.082580 0.084245 -0.096768 
-0.033061 0.001867 -0.047786 0.168245 0.059086 0.063177 0.058291 -0.075758 -0.011592 0.886776 0.051186 -0.005198 -0.013648 -0.097258 0.123666 0.066815 0.041418 0.026389 0.032361 -0.001569 0.023165 -0.009010 -0.108522 -0.005847 -0.023904 -0.065942 -0.045292 -0.037101 -0.031455 -0.058096 -0.066809 -0.049042 -0.017244 0.107799 0.038669 -0.063944 
0.016248 0.040108 -0.008104 0.040690 0.016804 -0.005701 -0.002827 0.026110 0.003977 0.014076 0.966807 -0.000822 0.011241 -0.032413 0.023239 -0.027443 -0.029021 -0.006734 -0.008035 0.004318 -0.010906 -0.012796 -0.028429 -0.017547 0.013122 0.065810 -0.004449 0.022585 0.013327 -0.044309 -0.000732 -0.038556 -0.088435 0.036449 0.041646 -0.073388 
-0.066798 -0.210955 -0.088573 -0.097393 0.021578 -0.005997 0.114809 0.007544 -0.012234 0.014209 0.135019 1.246795 -0.085701 -0.073007 -0.019961 0.164257 0.286262 -0.008441 -0.160512 -0.012910 0.001296 0.097705 0.005333 -0.026621 -0.007437 -0.079162 -0.063855 -0.176000 -0.051667 -0.087200 -0.007025 -0.005342 -0.024319 0.096962 -0.074491 0.037774 
-0.101930 -0.280657 -0.064372 -0.036436 -0.026875 -0.008854 -0.104788 0.022820 -0.010734 0.018886 0.008525 0.036346 0.903025 -0.005703 0.094583 -0.069690 -0.023752 0.043671 0.013333 0.027950 0.035153 -0.060614 0.043117 0.053446 0.097700 0.061133 0.024069 0.016541 0.104067 0.038577 0.040011 -0.023156 0.004600 0.020181 0.113628 0.004960 
-0.039024 0.016651 0.002698 -0.067045 0.025850 -0.299098 -0.004779 -0.009891 0.036144 -0.033527 -0.050734 0.011022 -0.037903 0.987097 0.006496 -0.007516 0.014333 0.016260 -0.020901 0.035126 -0.031179 0.019211 -0.015106 -0.034212 0.047200 0.011698 -0.002341 -0.010711 0.027810 -0.032131 0.014582 0.000471 0.075304 -0.103547 0.041716 -0.041737 
-0.042524 -0.087369 0.021343 0.089425 -0.022269 -0.031277 -0.034581 0.035446 0.139727 0.061296 -0.026744 -0.043455 0.005162 0.019420 0.934651 -0.036432 0.100029 0.004034 -0.045317 0.028995 0.045855 -0.009578 -0.088077 0.117217 0.009009 -0.125792 -0.014213 0.072602 0.041167 -0.000286 0.032689 -0.027724 0.015810 0.065978 0.021474 0.200090 
0.005933 0.280223 -0.087291 0.031473 0.018482 0.082520 -0.005178 0.059193 -0.014445 -0.002899 -0.018171 -0.104525 0.072261 -0.024994 -0.056256 1.160514 0.101655 -0.014108 0.005701 0.031604 -0.037205 -0.060168 0.010438 -0.019342 -0.048577 -0.101688 -0.071557 0.002912 -0.175385 0.067986 0.019031 -0.066010 -0.027136 0.019435 0.095904 -0.034265 
0.048451 -0.018159 -0.039595 -0.068660 0.005550 0.014157 0.027662 -0.018934 0.002633 0.002860 0.166037 0.110639 -0.019026 0.027948 -0.024079 0.052304 0.843861 -0.001731 0.065625 -0.005061 -0.020195 0.022124 -0.005603 -0.017278 -0.029200 -0.048742 -0.034452 -0.065575 -0.018702 -0.007306 0.028860 0.030119 -0.026859 -0.071055 -0.041873 -0.020566 
0.127996 0.128998 0.017279 0.041581 0.064050 0.002123 -0.061202 0.013281 -0.096130 -0.016116 -0.042052 -0.181041 -0.011936 -0.009392 0.009337 0.046889 -0.070674 1.155125 0.031177 -0.035155 -0.054266 -0.069738 0.035916 0.062270 0.039746 0.047571 -0.002174 -0.175740 0.001677 0.023814 -0.024334 -0.022599 0.059316 -0.045617 -0.067346 0.203789 
0.021915 0.009554 0.050475 0.017726 -0.023073 -0.051942 -0.017032 -0.032535 0.018266 -0.019027 -0.084579 -0.044136 -0.006830 -0.036853 -0.035215 -0.039267 0.178788 0.037586 0.931902 0.030851 -0.041914 0.014407 0.027533 -0.020829 -0.049883 -0.038385 0.029052 -0.026937 -0.012883 0.200137 -0.030650 -0.055743 0.076999 -0.080715 0.065872 -0.029720 
-0.083635 -0.048687 0.036306 0.082920 -0.015743 0.001801 -0.051323 -0.044745 -0.002022 -0.037763 0.012008 -0.087564 0.005383 0.004165 0.137089 -0.046941 -0.057756 0.021936 0.096631 0.948344 0.061498 -0.053160 -0.054373 -0.000189 0.060219 0.169243 0.011332 0.068465 0.013511 -0.039156 0.076175 0.021858 0.073363 0.014754 0.104139 0.004399 
0.016299 -0.036771 -0.005122 0.033377 -0.008218 -0.010956 -0.022380 -0.016130 -0.048077 0.029351 0.035343 -0.019282 -0.056004 -0.040154 0.010471 -0.004042 -0.005466 0.066085 -0.074691 0.014725 0.937088 -0.000405 0.015175 0.017245 0.002912 0.027740 -0.049863 -0.058057 0.040108 -0.018000 -0.025803 0.024614 0.129487 0.007458 0.007753 -0.116894 
-0.136379 -0.106976 0.025867 -0.032421 -0.103998 -0.030179 -0.004550 0.001341 0.015564 -0.032730 0.030812 0.021192 0.009739 0.034985 0.038601 0.097872 0.043897 -0.028792 0.035519 0.033991 -0.047414 0.843893 -0.022102 -0.122616 0.026738 0.023832 -0.112820 0.098644 -0.086444 0.041787 -0.045813 0.096126 0.047952 0.023276 0.007134 -0.070790 
0.024243 0.009408 0.000366 -0.037672 0.007271 0.135528 0.014464 0.042074 -0.047837 -0.094076 -0.053379 0.042611 0.026096 0.014819 -0.083316 0.044382 -0.120587 -0.003360 -0.002266 -0.000456 -0.064537 0.039574 0.941474 -0.006719 0.000925 0.018471 0.010432 -0.029478 -0.030934 -0.004744 0.023331 0.065853 0.090286 0.175435 -0.036322 0.103869 
0.002385 -0.027627 0.010765 -0.029364 -0.034357 0.057090 0.024588 -0.026466 0.073867 0.025781 -0.002318 0.045131 0.005255 0.028334 -0.064965 -0.009818 -0.035767 0.007079 0.020351 -0.004687 -0.024124 0.032332 -0.112851 0.881122 0.048273 0.078092 -0.015286 -0.000304 0.029191 0.007957 0.021023 0.009605 0.028355 0.195495 -0.048362 0.004720 
-0.015307 0.038473 0.004616 0.105687 -0.010873 -0.047727 -0.015348 0.027491 0.032549 -0.056934 -0.006860 0.014344 -0.054194 0.162958 -0.107857 0.017581 -0.003768 -0.074629 -0.231514 0.042504 -0.017418 -0.007740 0.023748 -0.068299 0.882531 0.116771 -0.027117 -0.021353 -0.033262 0.037203 -0.026622 -0.094960 -0.056759 -0.025607 0.010890 -0.063552 
0.012736 0.014790 0.037026 0.037080 -0.048122 0.094205 -0.023835 -0.021126 0.054390 0.089297 -0.086444 -0.109448 -0.001201 -0.011092 -0.059862 -0.001332 -0.051523 0.006094 0.065294 0.035751 0.018904 -0.035046 -0.035698 -0.011338 0.009653 0.722468 0.005442 0.002400 0.033991 0.009511 -0.014504 -0.005227 0.034198 0.016030 0.011285 -0.033518 
-0.092075 -0.006133 0.005841 -0.101821 -0.086286 0.053229 -0.040291 0.029050 0.011020 0.013757 -0.021325 -0.005305 -0.075107 -0.092394 0.024898 0.009688 -0.039530 -0.031354 -0.004950 0.003181 0.105476 0.027115 0.197085 -0.026190 -0.020306 0.023576 0.929420 0.047121 -0.050439 -0.009761 0.061912 -0.082966 -0.002818 0.036305 0.003671 0.086833 
-0.117161 0.051423 0.085851 0.001880 -0.080402 0.033274 -0.018593 0.034220 -0.000027 -0.001741 0.043656 -0.068119 -0.108051 0.053593 -0.007813 0.141564 -0.034461 -0.127431 -0.054602 0.118554 -0.018408 -0.003021 -0.024818 0.089785 -0.094540 0.001496 0.002068 0.947805 0.113713 0.050729 0.033881 0.015935 -0.134367 0.017448 -0.036613 -0.060760 
0.609824 0.291763 -0.108052 -0.019989 0.139612 -0.072358 -0.189624 0.010717 0.009035 0.006844 -0.000787 -0.158121 0.179152 0.142056 -0.077552 0.057706 -0.196492 0.349852 0.059710 -0.117199 0.070507 0.008325 -0.094852 -0.050240 -0.013542 0.090362 0.073211 0.154739 1.115091 -0.037545 -0.090536 -0.119262 0.022303 -0.025544 0.063208 0.307238 
0.011269 -0.006040 0.014153 0.166752 0.003500 0.100808 -0.009511 -0.019798 0.033340 0.032038 -0.173240 -0.001773 -0.018578 0.019988 0.016033 0.022773 0.008631 -0.009423 -0.068937 0.026767 -0.025437 -0.002605 0.035475 -0.053685 -0.000837 0.025185 -0.011959 0.018704 -0.000446 1.030141 0.016408 -0.030024 0.156084 -0.086447 0.008563 -0.177096 
-0.000043 0.008320 -0.012546 -0.021440 -0.010702 -0.008938 0.051903 0.043009 -0.024773 -0.061979 -0.009368 0.002693 -0.005976 0.090521 0.048426 -0.025518 0.034918 0.021002 -0.032205 -0.000003 -0.016078 0.032599 0.122467 -0.043556 0.036008 -0.000864 -0.033490 0.022079 0.001640 -0.027629 0.760668 -0.063187 -0.028945 -0.097856 0.038862 -0.058356 
0.016089 -0.020604 -0.011801 -0.032730 -0.071560 0.095887 0.024906 -0.045316 -0.056301 0.039856 -0.010649 -0.008643 0.001395 -0.060821 0.035368 -0.002102 -0.010988 -0.025461 0.059865 -0.088389 -0.015814 0.007114 -0.149773 0.048670 0.029435 -0.017151 0.060266 0.018507 0.002713 -0.088532 -0.059160 0.989985 0.073413 0.138084 -0.010389 -0.012879 
0.014967 -0.061236 -0.026493 -0.088935 0.049523 0.033079 -0.030888 0.052177 0.030546 -0.027669 0.037890 0.054081 0.014817 -0.036282 -0.010258 -0.073864 0.047756 -0.021012 0.061096 0.006345 0.000905 -0.012852 -0.017837 -0.030239 -0.060672 0.032777 -0.016105 -0.011702 0.020776 0.023803 -0.007759 0.026178 0.655297 -0.050788 0.026782 0.033618 
0.034916 -0.004457 -0.004323 0.057750 -0.016662 0.185088 0.038883 0.099528 -0.165881 -0.072700 -0.264079 -0.032601 0.061852 -0.040563 0.047218 0.052168 -0.004986 0.034450 0.025360 -0.070514 -0.014322 0.011486 -0.240564 0.034599 -0.023407 0.073545 0.007846 0.019342 -0.002560 0.020629 -0.076047 0.024366 0.018582 1.314882 0.182644 0.074227 
-0.009622 -0.103560 0.009439 0.083724 0.035909 -0.049950 -0.051918 -0.021715 -0.001595 -0.045162 0.113930 0.003224 0.022296 0.066339 0.096667 -0.147367 0.081820 0.120397 -0.029197 -0.026887 -0.044413 -0.111277 0.126841 -0.060348 -0.047436 -0.081832 -0.040070 0.078905 0.125580 0.046379 -0.067581 0.028927 -0.075270 0.087998 0.990731 0.086459 
-0.056033 0.017292 -0.027976 -0.016657 0.031686 -0.219437 0.010534 -0.032462 0.057424 0.001031 -0.097228 0.005156 -0.014189 -0.009523 0.037459 -0.014995 0.040885 0.002071 0.104493 0.008693 -0.116887 -0.016591 0.044414 0.010587 -0.066710 -0.028882 0.010133 0.008021 -0.011140 -0.014332 -0.027241 -0.116243 -0.111204 0.041246 0.146107 1.194183 
7.671004 -0.524318 0.685131 0.334101 2.292750 0.092403 3.057449 -0.382799 -0.455328 0.146360 -0.042417 0.335103 -1.618497 -0.091477 -1.285183 1.930348 0.038596 0.486006 -0.164430 -0.865171 0.061188 -2.701514 0.092983 0.110574 0.010488 0.014419 -1.977748 -1.673730 3.049575 0.968071 0.128989 0.292156 0.019611 0.229558 -0.643065 -0.233867 
1.0 1.0 1.0 1.0 1.0 1.0 1.0 1.0 1.0 1.0 1.0 1.0 1.0 1.0 1.0 1.0 1.0 1.0 1.0 1.0 1.0 1.0 1.0 1.0 1.0 1.0 1.0 1.0 1.0 1.0 1.0 1.0 1.0 1.0 1.0 1.0 
